Sample	aligned_reads	ambig_reads	discarded_reads	meth_chg	meth_chh	meth_cpg	no_alignments	percent_aligned	percent_chg_meth	percent_chh_meth	percent_cpg_meth	strand_ctob	strand_ctot	strand_ob	strand_ot	total_c	total_reads	unmeth_chg	unmeth_chh	unmeth_cpg
19185D-03-01_S0_L001_R1_001_val_1	68094362.0	7015977.0	8859.0	4551859.0	89485181.0	61249678.0	28028462.0	66.02206089248604	0.7	3.7	13.3	925875.0	671944.0	33146230.0	33341454.0	3508626444.0	103138801.0	605022089.0	2348195244.0	400122393.0
19185D-03-02_S33_L002_R1_001_val_1	71452669.0	7555627.0	9317.0	5053939.0	99484090.0	57828961.0	29684140.0	65.73840060038768	0.8	3.9	11.9	1020600.0	741120.0	34722795.0	34958837.0	3684125040.0	108692436.0	635163801.0	2458067214.0	428527035.0
19185D-03-03_S34_L002_R1_001_val_1	81142953.0	8658475.0	10263.0	5640822.0	117546541.0	78617131.0	32231738.0	66.49254105232343	0.8	4.1	14.3	1219934.0	847359.0	39409736.0	39655661.0	4156985694.0	122033166.0	719860379.0	2764851533.0	470469288.0
19185D-03-04_S0_L001_R1_001_val_1	96277728.0	9979891.0	12675.0	6928681.0	139450248.0	89704075.0	42952204.0	64.52506012288481	0.8	4.1	13.8	1446275.0	1003724.0	46758545.0	47056509.0	4939965572.0	149209823.0	853217518.0	3291771760.0	558893290.0
19185D-03-05_S0_L001_R1_001_val_1	68134428.0	7195508.0	8591.0	4765008.0	92436648.0	59807781.0	27302634.0	66.38675032691864	0.8	3.8	13.0	985242.0	706306.0	33097703.0	33336586.0	3497465811.0	102632570.0	600375229.0	2341343666.0	398737479.0
19185D-03-06_S0_L001_R1_001_val_1	69937084.0	7243285.0	9197.0	4942956.0	98030984.0	66101542.0	28392077.0	66.24558457232297	0.8	3.9	14.0	1013586.0	710771.0	33999200.0	34204330.0	3595282520.0	105572446.0	620951200.0	2398399305.0	406856533.0
19185D-03-07_S38_L002_R1_001_val_1	69820234.0	7115768.0	8884.0	4972436.0	93644055.0	67107968.0	29040643.0	65.88266122219665	0.8	3.8	14.3	987966.0	694577.0	33931803.0	34197004.0	3579676076.0	105976645.0	615881200.0	2395879822.0	402190595.0
19185D-03-08_S39_L002_R1_001_val_1	78749966.0	8211102.0	10382.0	5542567.0	107393830.0	74199941.0	31365539.0	66.55305006759806	0.8	3.8	13.9	1080561.0	783131.0	38329051.0	38546841.0	4053022496.0	118326607.0	701254250.0	2704903422.0	459728486.0
19185D-03-09_S1_L001_R1_001_val_1	89188957.0	9269495.0	11735.0	6756022.0	134751004.0	84186070.0	36851061.0	65.91477200867614	0.9	4.2	14.0	1399434.0	977735.0	43226163.0	43573890.0	4570595364.0	135309513.0	786942724.0	3041919159.0	516040385.0
19185D-03-10_S2_L001_R1_001_val_1	62557338.0	6445610.0	8187.0	4368804.0	91736872.0	54080460.0	26827548.0	65.27915497797278	0.8	4.1	12.8	978726.0	659281.0	30321346.0	30589798.0	3210234939.0	95830496.0	552837207.0	2139958647.0	367252949.0
19185D-03-11_S0_L001_R1_001_val_1	68137518.0	7027756.0	8902.0	4787437.0	101248049.0	66124401.0	27373498.0	66.45049152724395	0.8	4.2	14.3	1032081.0	742612.0	33066998.0	33286925.0	3485967600.0	102538772.0	605899698.0	2311782216.0	396125799.0
19185D-03-12_S0_L001_R1_001_val_1	60939460.0	6286757.0	8398.0	3711673.0	105624074.0	53840056.0	29774692.0	62.82359683866468	0.7	4.9	13.3	1154089.0	764579.0	29361809.0	29650585.0	3117003727.0	97000909.0	534618617.0	2069311757.0	349897550.0
19185D-03-13_S5_L001_R1_001_val_1	77688910.0	8185144.0	10214.0	4856750.0	114731605.0	66651816.0	30868470.0	66.54722489981457	0.7	4.2	12.7	1241970.0	865688.0	37634797.0	37936241.0	3971511914.0	116742524.0	687834230.0	2638576129.0	458861384.0
19185D-03-14_S6_L001_R1_001_val_1	65342569.0	6788251.0	8496.0	4051488.0	97831794.0	55521080.0	25881332.0	66.66782400614977	0.7	4.2	12.6	1030188.0	733088.0	31654335.0	31916462.0	3343645309.0	98012152.0	580286009.0	2219535949.0	386418989.0
19185D-03-15_S7_L001_R1_001_val_1	97472490.0	10138695.0	12640.0	6107272.0	144899079.0	82891376.0	38827560.0	66.56195394190246	0.7	4.2	12.5	1518560.0	1085234.0	47239562.0	47616494.0	4983714053.0	146438745.0	863771598.0	3307815533.0	578229195.0
19185D-03-16_S8_L001_R1_001_val_1	104180397.0	10943121.0	14195.0	6527729.0	161184756.0	83512699.0	40277909.0	67.03953690206461	0.7	4.4	11.7	1671516.0	1173963.0	50436490.0	50884233.0	5348501651.0	155401427.0	931407567.0	3537387824.0	628481076.0
19185D-03-17_S87_L003_R1_001_val_1	62720527.0	6559991.0	8249.0	3837352.0	85471732.0	53315214.0	24676927.0	66.75418536551308	0.7	3.8	12.6	922153.0	649535.0	30467684.0	30672906.0	3223914315.0	93957445.0	557253987.0	2153434796.0	370601234.0
19185D-03-18_S88_L003_R1_001_val_1	66241169.0	6976499.0	8754.0	4081386.0	95782809.0	52652033.0	26160471.0	66.65567464490354	0.7	4.1	11.7	1031266.0	708198.0	32091877.0	32401074.0	3409405780.0	99378139.0	589584176.0	2269133347.0	398172029.0
19185D-03-19_S89_L003_R1_001_val_1	83457053.0	8684465.0	10951.0	5140203.0	108009405.0	77632022.0	33013033.0	66.68319476452757	0.7	3.6	13.8	1157807.0	850990.0	40612803.0	40824502.0	4278297625.0	125154551.0	739887271.0	2864034143.0	483594581.0
19185D-03-20_S0_L001_R1_001_val_1	66500536.0	6531965.0	8625.0	4143921.0	104182708.0	63480895.0	30327714.0	64.33862003866768	0.7	4.4	14.4	1155824.0	755093.0	32153054.0	32427940.0	3400499318.0	103360215.0	582844511.0	2268922776.0	376924507.0
19185D-03-21_S91_L003_R1_001_val_1	71190230.0	7195905.0	8950.0	4193870.0	129223645.0	67978174.0	25192601.0	68.73054523468987	0.7	5.2	14.4	1401871.0	961558.0	34243469.0	34574382.0	3594390756.0	103578736.0	621688087.0	2368250578.0	403056402.0
19185D-03-22_S92_L003_R1_001_val_1	62284821.0	6308158.0	8252.0	3878015.0	86410440.0	57325963.0	25196561.0	66.40913368377753	0.7	3.9	13.7	922573.0	626286.0	30254291.0	30473419.0	3195219929.0	93789540.0	551805529.0	2135149567.0	360650415.0
19185D-03-23_S93_L003_R1_001_val_1	77857663.0	8078750.0	9906.0	5426064.0	108378601.0	74406940.0	31335065.0	66.39096251519913	0.8	3.9	14.2	1136013.0	780648.0	37829945.0	38101151.0	4001956283.0	117271478.0	690375823.0	2672910255.0	450458600.0
19185D-03-24_S94_L003_R1_001_val_1	74364646.0	7698229.0	9559.0	4786548.0	94412750.0	68492463.0	26788827.0	68.31739387961063	0.7	3.5	13.6	966586.0	707836.0	36244094.0	36436571.0	3840406440.0	108851702.0	662380998.0	2576542997.0	433790684.0
19185D-03-25_S110_L004_R1_001_val_1	87327414.0	9456746.0	11495.0	6138587.0	130040969.0	87721859.0	34380326.0	66.57855084340436	0.8	4.2	14.9	1351577.0	962270.0	42358204.0	42643868.0	4481558385.0	131164486.0	773569654.0	2981952361.0	502134955.0
19185D-03-26_S111_L004_R1_001_val_1	74525785.0	7951360.0	9742.0	5176983.0	115320042.0	72899154.0	30521696.0	65.95269857679337	0.8	4.3	14.6	1197550.0	854461.0	36104344.0	36359688.0	3813314334.0	112998841.0	655548895.0	2538318729.0	426050531.0
19185D-03-27_S0_L001_R1_001_val_1	62759338.0	6661749.0	8347.0	4430585.0	92757905.0	63008158.0	26177432.0	65.64886010420308	0.8	4.2	15.0	962704.0	688665.0	30448998.0	30650624.0	3213821179.0	95598519.0	553863459.0	2141544536.0	358216536.0
19185D-03-28_S113_L004_R1_001_val_1	87040523.0	9263453.0	11084.0	6149957.0	129827901.0	83257982.0	34849658.0	66.36531550471564	0.8	4.2	14.2	1381335.0	937629.0	42177676.0	42532799.0	4470527083.0	131153634.0	767760944.0	2981279202.0	502251097.0
19185D-03-29_S114_L004_R1_001_val_1	117218282.0	12712882.0	14848.0	8300508.0	170923304.0	112213502.0	47969282.0	65.8898190733035	0.8	4.1	14.2	1768395.0	1273797.0	56871876.0	57289366.0	6018927120.0	177900446.0	1033953318.0	4016827922.0	676708566.0
19185D-03-30_S115_L004_R1_001_val_1	88943227.0	9705183.0	11261.0	5715847.0	129569318.0	78523031.0	36276382.0	65.92059597171735	0.7	4.1	13.2	1414969.0	964108.0	43099497.0	43453392.0	4569356462.0	134924792.0	781002695.0	3058330832.0	516214739.0
